image: /home/brucechen/nav_ws/src/map/1218_small.pgm
resolution: 0.020000
origin: [-5.000000, -18.440000, 0.000000]
negate: 0
occupied_thresh: 0.65
free_thresh: 0.196

