image: /home/brucechen/nav_ws/src/map/map_1212_big.pgm
resolution: 0.020000
origin: [-18.440000, -15.880000, 0.000000]
negate: 0
occupied_thresh: 0.65
free_thresh: 0.196

